%YAML:1.0
---
CameraExtrinsicMat: !!opencv-matrix
   rows: 4
   cols: 4
   dt: d
   data: [ 4.5342526896299795e-01, 5.9819786189044222e-01,
       6.6073053773496526e-01, 3.9445494117914554e-01,
       8.6560846289203153e-01, -1.1886293583940999e-01,
       -4.8640887271238248e-01, 1.4186315153275402e+00,
       -2.1243237614715735e-01, 7.9248401909018940e-01,
       -5.7170059038900156e-01, 1.4980331168535475e+00, 0., 0., 0., 1. ]
CameraMat: !!opencv-matrix
   rows: 3
   cols: 3
   dt: d
   data: [ 4.2767210796555983e+03, 0., 4.9112492741026966e+02, 0.,
       4.0750664363799083e+03, 3.2460888109504964e+02, 0., 0., 1. ]
DistCoeff: !!opencv-matrix
   rows: 1
   cols: 5
   dt: d
   data: [ 1.2018884724439689e+00, -1.1731800664583339e+01,
       -2.6762168330003940e-02, -1.0594528346974492e-01,
       5.1572609180385804e+01 ]
ImageSize: [ 1920, 1080 ]
ReprojectionError: 8.9575472581359350e-01
